{
 "cells": [
  {
   "cell_type": "markdown",
   "metadata": {},
   "source": [
    "# Brax Environment & State"
   ]
  },
  {
   "cell_type": "code",
   "execution_count": 6,
   "metadata": {},
   "outputs": [],
   "source": [
    "from BaseRodentEnv import Rodent\n",
    "from brax import envs\n",
    "import jax\n",
    "import numpy as np\n",
    "import mediapy as media"
   ]
  },
  {
   "cell_type": "code",
   "execution_count": 2,
   "metadata": {},
   "outputs": [
    {
     "data": {
      "text/plain": [
       "Rodent_Env_Brax.Rodent"
      ]
     },
     "execution_count": 2,
     "metadata": {},
     "output_type": "execute_result"
    }
   ],
   "source": [
    "Rodent"
   ]
  },
  {
   "cell_type": "code",
   "execution_count": 3,
   "metadata": {},
   "outputs": [],
   "source": [
    "envs.register_environment('rodent', Rodent)"
   ]
  },
  {
   "cell_type": "code",
   "execution_count": 4,
   "metadata": {},
   "outputs": [],
   "source": [
    "env = envs.get_environment(env_name='rodent')"
   ]
  },
  {
   "cell_type": "code",
   "execution_count": 17,
   "metadata": {},
   "outputs": [],
   "source": [
    "jit_reset = jax.jit(env.reset)\n",
    "jit_step = jax.jit(env.step)\n",
    "state = jit_reset(jax.random.PRNGKey(0))"
   ]
  },
  {
   "cell_type": "code",
   "execution_count": 48,
   "metadata": {},
   "outputs": [
    {
     "data": {
      "text/plain": [
       "State(solver_niter=Array(0, dtype=int32), time=Array(0.50000066, dtype=float32, weak_type=True), qpos=Array([-4.8841089e-03, -2.7480636e-02,  5.9930775e-02,  9.8588538e-01,\n",
       "        1.1666925e-01,  1.1256338e-01, -4.1806601e-02, -7.0711441e-02,\n",
       "       -1.4916677e-02,  4.4804864e-02, -2.3284039e-01, -4.8595299e-03,\n",
       "        3.6644593e-02, -5.0870981e-02,  2.9366004e-01, -1.6541862e-01,\n",
       "       -2.4248837e-01,  7.1096474e-01,  4.2060059e-01, -7.0588455e-02,\n",
       "        3.4955928e-01, -4.4224191e-01,  6.6646045e-01,  6.9606262e-01,\n",
       "        3.9798671e-01, -1.0729350e-01, -4.6670400e-02, -4.1010503e-02,\n",
       "       -2.2438843e-02,  5.9090736e-03, -2.1666506e-02,  1.9220879e-02,\n",
       "       -2.8136652e-02,  2.5769843e-02, -2.5776245e-02,  4.3289870e-02,\n",
       "       -1.3123008e-02,  5.1498204e-02, -2.2431094e-02,  6.8788372e-02,\n",
       "       -1.6553253e-02,  4.0427566e-02, -1.1611838e-02,  1.4840000e-02,\n",
       "       -8.6657153e-03, -2.0848415e-03,  2.4704486e-03, -2.3633083e-03,\n",
       "       -9.1410609e-04,  6.0649565e-03,  3.7975830e-03,  5.9918724e-03,\n",
       "        2.5404652e-03, -4.6167872e-03, -1.9270831e-03,  4.9030222e-03,\n",
       "        3.4031034e-01, -2.3999179e-02,  6.5972388e-02, -4.5638677e-02,\n",
       "       -8.1972312e-03, -1.7176214e-01,  4.7237948e-01, -4.6055593e-02,\n",
       "        8.8877541e-01,  8.1135654e-01,  5.0286852e-02, -6.8041883e-02,\n",
       "        7.5424127e-03, -2.2803944e-01,  5.6326216e-01, -5.0858510e-01,\n",
       "        7.0861751e-01,  5.1093030e-01], dtype=float32), qvel=Array([-1.0254291e-01,  1.8769097e-01,  3.1750705e-02, -2.7604103e+00,\n",
       "       -1.3050092e+00, -2.2235839e+00, -4.3498686e-01,  5.1686531e-01,\n",
       "       -1.3198270e-01, -4.9565282e-01,  7.4150127e-01, -4.8519336e-02,\n",
       "        1.4969101e+00,  7.0343766e+00,  6.7244215e+00,  4.3514407e-01,\n",
       "        8.9038486e+00, -1.9580626e+00,  4.5429025e+00, -7.2676814e-01,\n",
       "       -2.2244172e+00, -1.0759259e+00, -1.3587954e+01, -1.1902859e+00,\n",
       "       -8.6399224e-03,  1.7186859e-01,  1.1612573e-01,  3.1910483e-02,\n",
       "        2.2768228e-01, -4.9404085e-02,  3.2423088e-01, -9.9848442e-02,\n",
       "        4.1730681e-01, -1.2832655e-01,  4.8964608e-01, -1.3928102e-01,\n",
       "        5.5385739e-01, -1.6933005e-01,  7.5941730e-01, -1.4820012e-01,\n",
       "        4.9242586e-01, -6.0357638e-02,  2.4516765e-02,  1.8154867e-02,\n",
       "       -4.7260173e-02,  5.7904879e-03, -1.1199886e-02,  6.5870286e-04,\n",
       "        1.2946307e-03, -7.0372908e-03, -5.9751519e-03,  3.6889270e-03,\n",
       "        1.8853323e-03,  1.0568406e-03,  3.3260827e-04,  5.3104007e-01,\n",
       "       -2.1131487e+00, -1.2881320e+00,  3.8935977e-01, -1.4921539e+00,\n",
       "        8.0556984e+00, -3.0175927e+00, -2.3428249e+00, -3.2648439e+00,\n",
       "        2.0871961e+00, -4.2913124e-01,  1.1850128e+00,  4.2104551e-01,\n",
       "        8.6314470e-02, -2.8384218e+00,  2.0156417e+00, -4.4999375e+00,\n",
       "       -3.5189476e+00], dtype=float32), act=Array([ 0.07738315,  0.48813453,  0.22677271, -0.24871509,  0.19497018,\n",
       "       -0.1702547 ,  0.42312872, -0.01253311, -0.1620539 ,  0.29913124,\n",
       "       -0.0451116 , -0.15428483,  0.34317037, -0.3103115 , -0.15270454,\n",
       "       -0.16122684,  0.0915921 ,  0.19378744, -0.23970014,  0.26911473,\n",
       "       -0.04451079,  0.14041568, -0.25193125, -0.15439983,  0.11448738,\n",
       "       -0.00486881, -0.07433429, -0.21269089, -0.20699914, -0.5230119 ],      dtype=float32), qacc_warmstart=Array([ 3.55339336e+00,  2.87400675e+00, -1.27014008e+01,  2.42921009e+01,\n",
       "        1.32759380e+01, -1.37834513e+00,  9.86457596e+01,  7.45678024e+01,\n",
       "       -1.37071732e+02,  1.17568336e+02,  2.28763672e+02, -1.32213547e+02,\n",
       "       -1.04547412e+03,  5.00929291e+02,  5.25978455e+02,  3.66184277e+03,\n",
       "        2.74844507e+03, -1.55861560e+03, -1.41030838e+02, -1.51769608e+02,\n",
       "       -8.35892029e+02, -2.87178198e+03, -5.10947949e+03,  9.90759964e+01,\n",
       "       -1.73226242e+02,  5.31309631e+02, -1.11018089e+02,  1.43371094e+02,\n",
       "       -6.49416962e+01, -1.09654818e+01, -2.27093258e+01, -7.08904648e+01,\n",
       "        5.00951347e+01, -9.00120926e+01,  1.35891266e+02, -9.09309616e+01,\n",
       "        2.23246307e+02, -8.69047699e+01,  6.83802856e+02, -9.50976639e+01,\n",
       "        6.02633728e+02, -8.77940674e+01,  7.30601883e+01, -5.42464590e+00,\n",
       "       -7.51118622e+01, -1.21325922e+00, -1.84551277e+01, -8.64938349e-02,\n",
       "        1.18931934e-01, -7.41765261e-01, -7.16438740e-02,  2.51037329e-01,\n",
       "       -6.34489119e-01, -2.91733742e-01,  3.54429007e-01,  3.60287354e+02,\n",
       "        7.32139130e+01, -1.14114661e+03,  6.83518311e+02, -4.08285583e+02,\n",
       "        3.83564667e+02, -2.86570068e+03,  6.14275781e+03,  3.69897491e+02,\n",
       "       -1.00260536e+02, -1.25242017e+03,  1.23194360e+03, -1.80287201e+02,\n",
       "        2.02053943e+03, -4.38912109e+03, -6.87722217e+03, -1.43303674e+03,\n",
       "        5.81631226e+02], dtype=float32), ctrl=Array([-0.89820737,  0.9984135 ,  0.3449984 ,  0.13340537,  0.67541367,\n",
       "       -0.8671966 ,  0.10617609, -0.57657564, -0.41491976, -0.0555076 ,\n",
       "       -0.78192306, -0.35306844,  0.7759814 , -0.5237627 , -0.9453327 ,\n",
       "       -0.15633981,  0.42046252,  0.6514775 , -0.81533396,  0.5571454 ,\n",
       "       -0.1729964 ,  0.24157254,  0.2713008 ,  0.4060222 ,  0.87414163,\n",
       "        0.13503097, -0.7784291 , -0.5126321 , -0.3701812 , -0.5840288 ],      dtype=float32), qfrc_applied=Array([0., 0., 0., 0., 0., 0., 0., 0., 0., 0., 0., 0., 0., 0., 0., 0., 0.,\n",
       "       0., 0., 0., 0., 0., 0., 0., 0., 0., 0., 0., 0., 0., 0., 0., 0., 0.,\n",
       "       0., 0., 0., 0., 0., 0., 0., 0., 0., 0., 0., 0., 0., 0., 0., 0., 0.,\n",
       "       0., 0., 0., 0., 0., 0., 0., 0., 0., 0., 0., 0., 0., 0., 0., 0., 0.,\n",
       "       0., 0., 0., 0., 0.], dtype=float32), xfrc_applied=Array([[0., 0., 0., 0., 0., 0.],\n",
       "       [0., 0., 0., 0., 0., 0.],\n",
       "       [0., 0., 0., 0., 0., 0.],\n",
       "       [0., 0., 0., 0., 0., 0.],\n",
       "       [0., 0., 0., 0., 0., 0.],\n",
       "       [0., 0., 0., 0., 0., 0.],\n",
       "       [0., 0., 0., 0., 0., 0.],\n",
       "       [0., 0., 0., 0., 0., 0.],\n",
       "       [0., 0., 0., 0., 0., 0.],\n",
       "       [0., 0., 0., 0., 0., 0.],\n",
       "       [0., 0., 0., 0., 0., 0.],\n",
       "       [0., 0., 0., 0., 0., 0.],\n",
       "       [0., 0., 0., 0., 0., 0.],\n",
       "       [0., 0., 0., 0., 0., 0.],\n",
       "       [0., 0., 0., 0., 0., 0.],\n",
       "       [0., 0., 0., 0., 0., 0.],\n",
       "       [0., 0., 0., 0., 0., 0.],\n",
       "       [0., 0., 0., 0., 0., 0.],\n",
       "       [0., 0., 0., 0., 0., 0.],\n",
       "       [0., 0., 0., 0., 0., 0.],\n",
       "       [0., 0., 0., 0., 0., 0.],\n",
       "       [0., 0., 0., 0., 0., 0.],\n",
       "       [0., 0., 0., 0., 0., 0.],\n",
       "       [0., 0., 0., 0., 0., 0.],\n",
       "       [0., 0., 0., 0., 0., 0.],\n",
       "       [0., 0., 0., 0., 0., 0.],\n",
       "       [0., 0., 0., 0., 0., 0.],\n",
       "       [0., 0., 0., 0., 0., 0.],\n",
       "       [0., 0., 0., 0., 0., 0.],\n",
       "       [0., 0., 0., 0., 0., 0.],\n",
       "       [0., 0., 0., 0., 0., 0.],\n",
       "       [0., 0., 0., 0., 0., 0.],\n",
       "       [0., 0., 0., 0., 0., 0.],\n",
       "       [0., 0., 0., 0., 0., 0.],\n",
       "       [0., 0., 0., 0., 0., 0.],\n",
       "       [0., 0., 0., 0., 0., 0.],\n",
       "       [0., 0., 0., 0., 0., 0.],\n",
       "       [0., 0., 0., 0., 0., 0.],\n",
       "       [0., 0., 0., 0., 0., 0.],\n",
       "       [0., 0., 0., 0., 0., 0.],\n",
       "       [0., 0., 0., 0., 0., 0.],\n",
       "       [0., 0., 0., 0., 0., 0.],\n",
       "       [0., 0., 0., 0., 0., 0.],\n",
       "       [0., 0., 0., 0., 0., 0.],\n",
       "       [0., 0., 0., 0., 0., 0.],\n",
       "       [0., 0., 0., 0., 0., 0.],\n",
       "       [0., 0., 0., 0., 0., 0.],\n",
       "       [0., 0., 0., 0., 0., 0.],\n",
       "       [0., 0., 0., 0., 0., 0.],\n",
       "       [0., 0., 0., 0., 0., 0.],\n",
       "       [0., 0., 0., 0., 0., 0.],\n",
       "       [0., 0., 0., 0., 0., 0.],\n",
       "       [0., 0., 0., 0., 0., 0.],\n",
       "       [0., 0., 0., 0., 0., 0.],\n",
       "       [0., 0., 0., 0., 0., 0.],\n",
       "       [0., 0., 0., 0., 0., 0.],\n",
       "       [0., 0., 0., 0., 0., 0.],\n",
       "       [0., 0., 0., 0., 0., 0.],\n",
       "       [0., 0., 0., 0., 0., 0.],\n",
       "       [0., 0., 0., 0., 0., 0.],\n",
       "       [0., 0., 0., 0., 0., 0.],\n",
       "       [0., 0., 0., 0., 0., 0.],\n",
       "       [0., 0., 0., 0., 0., 0.],\n",
       "       [0., 0., 0., 0., 0., 0.],\n",
       "       [0., 0., 0., 0., 0., 0.],\n",
       "       [0., 0., 0., 0., 0., 0.]], dtype=float32), eq_active=Array([], shape=(0,), dtype=uint8), qacc=Array([ 3.55339336e+00,  2.87400675e+00, -1.27014008e+01,  2.42921009e+01,\n",
       "        1.32759380e+01, -1.37834513e+00,  9.86457596e+01,  7.45678024e+01,\n",
       "       -1.37071732e+02,  1.17568336e+02,  2.28763672e+02, -1.32213547e+02,\n",
       "       -1.04547412e+03,  5.00929291e+02,  5.25978455e+02,  3.66184277e+03,\n",
       "        2.74844507e+03, -1.55861560e+03, -1.41030838e+02, -1.51769608e+02,\n",
       "       -8.35892029e+02, -2.87178198e+03, -5.10947949e+03,  9.90759964e+01,\n",
       "       -1.73226242e+02,  5.31309631e+02, -1.11018089e+02,  1.43371094e+02,\n",
       "       -6.49416962e+01, -1.09654818e+01, -2.27093258e+01, -7.08904648e+01,\n",
       "        5.00951347e+01, -9.00120926e+01,  1.35891266e+02, -9.09309616e+01,\n",
       "        2.23246307e+02, -8.69047699e+01,  6.83802856e+02, -9.50976639e+01,\n",
       "        6.02633728e+02, -8.77940674e+01,  7.30601883e+01, -5.42464590e+00,\n",
       "       -7.51118622e+01, -1.21325922e+00, -1.84551277e+01, -8.64938349e-02,\n",
       "        1.18931934e-01, -7.41765261e-01, -7.16438740e-02,  2.51037329e-01,\n",
       "       -6.34489119e-01, -2.91733742e-01,  3.54429007e-01,  3.60287354e+02,\n",
       "        7.32139130e+01, -1.14114661e+03,  6.83518311e+02, -4.08285583e+02,\n",
       "        3.83564667e+02, -2.86570068e+03,  6.14275781e+03,  3.69897491e+02,\n",
       "       -1.00260536e+02, -1.25242017e+03,  1.23194360e+03, -1.80287201e+02,\n",
       "        2.02053943e+03, -4.38912109e+03, -6.87722217e+03, -1.43303674e+03,\n",
       "        5.81631226e+02], dtype=float32), act_dot=Array([-25.673435  ,  13.428393  ,   3.1112022 ,  10.055801  ,\n",
       "        12.6432495 , -18.340578  ,  -8.340859  , -14.843225  ,\n",
       "        -6.6543655 ,  -9.332602  , -19.389776  ,  -5.231148  ,\n",
       "        11.389765  ,  -5.6171374 , -20.858637  ,   0.12860596,\n",
       "         8.654485  ,  12.0444765 , -15.148258  ,   7.5797553 ,\n",
       "        -3.3812003 ,   2.6620228 ,  13.769265  ,  14.747948  ,\n",
       "        19.990902  ,   3.6815734 , -18.52881   ,  -7.8931894 ,\n",
       "        -4.294265  ,  -1.6057074 ], dtype=float32), userdata=Array([], shape=(0,), dtype=float32), xpos=Array([[ 0.        ,  0.        ,  0.        ],\n",
       "       [-0.00467902, -0.02785602,  0.05986727],\n",
       "       [-0.01993902, -0.03093673,  0.08011161],\n",
       "       [-0.02539344, -0.0306321 ,  0.08157161],\n",
       "       [-0.03182423, -0.03020431,  0.08255456],\n",
       "       [-0.03936595, -0.02899044,  0.08185194],\n",
       "       [-0.04594766, -0.02732494,  0.07909151],\n",
       "       [-0.05174175, -0.02554313,  0.07524509],\n",
       "       [-0.06387921, -0.0211709 ,  0.06685594],\n",
       "       [-0.06619706, -0.00669862,  0.06068039],\n",
       "       [-0.04106256,  0.01572418,  0.0523398 ],\n",
       "       [-0.07169518,  0.02785859,  0.03073519],\n",
       "       [-0.05513058,  0.03744503,  0.01871543],\n",
       "       [-0.06919808, -0.02839636,  0.05372356],\n",
       "       [-0.04470769, -0.04861004,  0.03973365],\n",
       "       [-0.0396057 , -0.05526166,  0.00123579],\n",
       "       [-0.02056174, -0.06523197,  0.0082129 ],\n",
       "       [-0.07796434, -0.01545802,  0.05427022],\n",
       "       [-0.08074292, -0.01394398,  0.04948733],\n",
       "       [-0.08308882, -0.01259003,  0.04473768],\n",
       "       [-0.08533952, -0.0113615 ,  0.03987633],\n",
       "       [-0.08757449, -0.01023851,  0.03490639],\n",
       "       [-0.0898979 , -0.00916837,  0.02969153],\n",
       "       [-0.09253925, -0.0079995 ,  0.02387408],\n",
       "       [-0.09546991, -0.00683764,  0.01818325],\n",
       "       [-0.09927616, -0.00578551,  0.01280489],\n",
       "       [-0.10370756, -0.00483435,  0.00791549],\n",
       "       [-0.10882678, -0.0039073 ,  0.00335319],\n",
       "       [-0.11487005, -0.00304947, -0.0005368 ],\n",
       "       [-0.12170504, -0.00241338, -0.00321446],\n",
       "       [-0.12850647, -0.0020893 , -0.00423566],\n",
       "       [-0.13503008, -0.00188538, -0.00451137],\n",
       "       [-0.14172336, -0.00171971, -0.00450764],\n",
       "       [-0.14820705, -0.0016255 , -0.00439531],\n",
       "       [-0.154413  , -0.00156172, -0.00427563],\n",
       "       [-0.16061419, -0.00150751, -0.00409347],\n",
       "       [-0.1668387 , -0.00145777, -0.00387986],\n",
       "       [-0.17295647, -0.00142526, -0.0037859 ],\n",
       "       [-0.17946154, -0.00142689, -0.00358677],\n",
       "       [-0.18584912, -0.00142936, -0.00338558],\n",
       "       [-0.19202693, -0.00143094, -0.00319631],\n",
       "       [-0.19799228, -0.00142372, -0.00301223],\n",
       "       [-0.20361824, -0.00141147, -0.00283778],\n",
       "       [-0.20880912, -0.00139882, -0.00268575],\n",
       "       [-0.21384326, -0.00138616, -0.00254082],\n",
       "       [-0.2186152 , -0.00137748, -0.00240443],\n",
       "       [-0.22261892, -0.00137091, -0.00229053],\n",
       "       [ 0.02201693, -0.02901879,  0.05246144],\n",
       "       [ 0.02453003, -0.02934843,  0.05264764],\n",
       "       [ 0.02682324, -0.02967904,  0.05302457],\n",
       "       [ 0.02885965, -0.02998067,  0.05339819],\n",
       "       [ 0.03079112, -0.03029135,  0.05385299],\n",
       "       [ 0.03299412, -0.03081064,  0.05500633],\n",
       "       [ 0.03567617, -0.0312706 ,  0.05570587],\n",
       "       [ 0.06178286, -0.03523391,  0.06029749],\n",
       "       [ 0.06413759, -0.03177182,  0.04477481],\n",
       "       [ 0.00395469, -0.02890598,  0.0695239 ],\n",
       "       [ 0.0269174 , -0.01381352,  0.04103488],\n",
       "       [ 0.01746954,  0.00700414,  0.02270859],\n",
       "       [ 0.04268757,  0.01080624,  0.00354601],\n",
       "       [ 0.05133814,  0.01120906,  0.00109541],\n",
       "       [ 0.00354113, -0.03314668,  0.06837758],\n",
       "       [ 0.0241975 , -0.03737401,  0.03487927],\n",
       "       [ 0.01385242, -0.04616941,  0.00891563],\n",
       "       [ 0.04505742, -0.04222886,  0.00359301],\n",
       "       [ 0.05404799, -0.04184729,  0.00374796]], dtype=float32), xquat=Array([[ 1.00000000e+00,  0.00000000e+00,  0.00000000e+00,\n",
       "         0.00000000e+00],\n",
       "       [ 9.85502362e-01,  1.19694710e-01,  1.13474324e-01,\n",
       "        -3.97725739e-02],\n",
       "       [ 9.88863289e-01,  1.18233129e-01,  7.89976716e-02,\n",
       "        -4.39273044e-02],\n",
       "       [ 9.88481522e-01,  1.17599353e-01,  7.99380839e-02,\n",
       "        -5.18122092e-02],\n",
       "       [ 9.85580742e-01,  1.39842451e-01,  7.87503272e-02,\n",
       "        -5.36002554e-02],\n",
       "       [ 9.88074481e-01,  1.32704198e-01, -3.57754976e-02,\n",
       "        -6.94153905e-02],\n",
       "       [ 9.87849414e-01,  1.32816985e-01, -3.53544801e-02,\n",
       "        -7.25484788e-02],\n",
       "       [ 9.85242903e-01,  1.50941148e-01, -3.66812162e-02,\n",
       "        -7.18867853e-02],\n",
       "       [ 9.85242903e-01,  1.50941148e-01, -3.66812162e-02,\n",
       "        -7.18867853e-02],\n",
       "       [ 9.44284797e-01,  2.77912736e-01, -1.30856574e-01,\n",
       "        -1.18183620e-01],\n",
       "       [ 9.66595173e-01,  2.37430409e-01, -2.09575389e-02,\n",
       "        -9.42414328e-02],\n",
       "       [ 9.39115345e-01,  1.59628630e-01,  3.03974837e-01,\n",
       "        -1.34340525e-02],\n",
       "       [ 8.54001582e-01,  1.58876330e-01,  4.94994581e-01,\n",
       "         2.04961002e-02],\n",
       "       [ 9.66529727e-01, -3.33092250e-02, -2.52220660e-01,\n",
       "        -3.30961458e-02],\n",
       "       [ 8.34113002e-01, -1.83003649e-01, -5.17052114e-01,\n",
       "        -5.84985875e-02],\n",
       "       [ 9.73983884e-01, -6.65481612e-02, -2.06904113e-01,\n",
       "        -6.41655773e-02],\n",
       "       [ 9.95676219e-01, -5.24599217e-02, -9.09622014e-03,\n",
       "        -7.61172548e-02],\n",
       "       [ 9.85163927e-01,  1.31273091e-01, -9.10545588e-02,\n",
       "        -6.26770034e-02],\n",
       "       [ 9.84589279e-01,  1.20946959e-01, -1.11788534e-01,\n",
       "        -5.88126332e-02],\n",
       "       [ 9.86246288e-01,  1.12082578e-01, -1.09423064e-01,\n",
       "        -5.27457409e-02],\n",
       "       [ 9.88816917e-01,  1.00642480e-01, -1.00605823e-01,\n",
       "        -4.46147993e-02],\n",
       "       [ 9.91289675e-01,  9.01674703e-02, -8.85455981e-02,\n",
       "        -3.70684527e-02],\n",
       "       [ 9.93534386e-01,  8.53167921e-02, -6.76780120e-02,\n",
       "        -3.20943929e-02],\n",
       "       [ 9.94924009e-01,  8.60982537e-02, -4.26268280e-02,\n",
       "        -2.99348533e-02],\n",
       "       [ 9.94924009e-01,  8.60982612e-02, -4.26268354e-02,\n",
       "        -2.99348552e-02],\n",
       "       [ 9.95804667e-01,  7.73663148e-02, -4.29814942e-02,\n",
       "        -2.32363921e-02],\n",
       "       [ 9.95804667e-01,  7.73663148e-02, -4.29815091e-02,\n",
       "        -2.32363865e-02],\n",
       "       [ 9.96686876e-01,  7.81039670e-02, -9.46984626e-03,\n",
       "        -2.06215400e-02],\n",
       "       [ 9.96686876e-01,  7.81039670e-02, -9.46985744e-03,\n",
       "        -2.06215363e-02],\n",
       "       [ 9.97034192e-01,  7.51790553e-02, -1.00048222e-02,\n",
       "        -1.30644916e-02],\n",
       "       [ 9.97034192e-01,  7.51790553e-02, -1.00048389e-02,\n",
       "        -1.30644860e-02],\n",
       "       [ 9.97037649e-01,  7.54220784e-02,  9.65870079e-03,\n",
       "        -1.15794092e-02],\n",
       "       [ 9.97037649e-01,  7.54220784e-02,  9.65870079e-03,\n",
       "        -1.15794083e-02],\n",
       "       [ 9.97088850e-01,  7.54615664e-02,  9.22537409e-03,\n",
       "        -5.85058657e-03],\n",
       "       [ 9.97088850e-01,  7.54615664e-02,  9.22537409e-03,\n",
       "        -5.85058378e-03],\n",
       "       [ 9.96993303e-01,  7.55027756e-02,  1.65990088e-02,\n",
       "        -5.29235648e-03],\n",
       "       [ 9.96993303e-01,  7.55027756e-02,  1.65990088e-02,\n",
       "        -5.29235415e-03],\n",
       "       [ 9.97012734e-01,  7.54965171e-02,  1.62708052e-02,\n",
       "        -9.53790848e-04],\n",
       "       [ 9.97012734e-01,  7.54965171e-02,  1.62708052e-02,\n",
       "        -9.53789451e-04],\n",
       "       [ 9.97028470e-01,  7.54955411e-02,  1.52786113e-02,\n",
       "        -1.02892192e-03],\n",
       "       [ 9.97028470e-01,  7.54955411e-02,  1.52786095e-02,\n",
       "        -1.02892017e-03],\n",
       "       [ 9.97026443e-01,  7.54766911e-02,  1.53714148e-02,\n",
       "        -2.25470145e-03],\n",
       "       [ 9.97026443e-01,  7.54766911e-02,  1.53714139e-02,\n",
       "        -2.25469959e-03],\n",
       "       [ 9.97043788e-01,  7.54740089e-02,  1.42044304e-02,\n",
       "        -2.34304182e-03],\n",
       "       [ 9.97043788e-01,  7.54740089e-02,  1.42044304e-02,\n",
       "        -2.34304019e-03],\n",
       "       [ 9.97044742e-01,  7.54804984e-02,  1.41698830e-02,\n",
       "        -1.88668317e-03],\n",
       "       [ 9.97044742e-01,  7.54804984e-02,  1.41698830e-02,\n",
       "        -1.88668130e-03],\n",
       "       [ 9.85153854e-01,  1.19814716e-01,  1.16461039e-01,\n",
       "        -3.94095741e-02],\n",
       "       [ 9.85295951e-01,  1.19426802e-01,  1.16268300e-01,\n",
       "        -3.75590734e-02],\n",
       "       [ 9.85008299e-01,  1.22275673e-01,  1.16020694e-01,\n",
       "        -3.66922691e-02],\n",
       "       [ 9.84860599e-01,  1.22322045e-01,  1.17268160e-01,\n",
       "        -3.65373716e-02],\n",
       "       [ 9.84651744e-01,  1.23141259e-01,  1.17478646e-01,\n",
       "        -3.86770777e-02],\n",
       "       [ 9.84714210e-01,  1.22361340e-01,  1.17586650e-01,\n",
       "        -3.92308161e-02],\n",
       "       [ 9.84423041e-01,  1.22457139e-01,  1.20000005e-01,\n",
       "        -3.89307700e-02],\n",
       "       [ 9.90552306e-01,  1.14127688e-01, -4.79045101e-02,\n",
       "        -5.90442680e-02],\n",
       "       [ 9.89091158e-01,  1.20420761e-01,  7.20234141e-02,\n",
       "        -4.48351912e-02],\n",
       "       [ 9.89232421e-01,  9.98417065e-02,  1.06948748e-01,\n",
       "        -3.60933854e-03],\n",
       "       [ 9.63503599e-01,  9.29989964e-02,  3.67700122e-02,\n",
       "        -2.48314351e-01],\n",
       "       [ 9.63036001e-01,  8.77936780e-02,  1.75977629e-02,\n",
       "        -2.54055738e-01],\n",
       "       [ 8.55123937e-01,  1.99313939e-01, -3.98160875e-01,\n",
       "        -2.65527576e-01],\n",
       "       [ 9.61285114e-01,  1.26383781e-01, -1.91634037e-02,\n",
       "        -2.44112164e-01],\n",
       "       [ 9.79217708e-01,  1.50600731e-01,  1.17347859e-01,\n",
       "        -6.84231222e-02],\n",
       "       [ 9.70466018e-01,  1.37559891e-01, -3.49168330e-02,\n",
       "         1.95074171e-01],\n",
       "       [ 9.20384765e-01,  1.79823279e-01, -2.81861633e-01,\n",
       "         2.02755094e-01],\n",
       "       [ 8.09386313e-01,  6.31384999e-02, -5.77686131e-01,\n",
       "         8.47711787e-02],\n",
       "       [ 9.07488227e-01,  1.34314716e-01, -3.63312423e-01,\n",
       "         1.62569582e-01]], dtype=float32), xmat=Array([[[ 1.00000000e+00,  0.00000000e+00,  0.00000000e+00],\n",
       "        [ 0.00000000e+00,  1.00000000e+00,  0.00000000e+00],\n",
       "        [ 0.00000000e+00,  0.00000000e+00,  1.00000000e+00]],\n",
       "\n",
       "       [[ 9.71083403e-01,  1.05556488e-01,  2.14137301e-01],\n",
       "        [-5.12273796e-02,  9.68182683e-01, -2.44945168e-01],\n",
       "        [-2.33179554e-01,  2.26892501e-01,  9.45593476e-01]],\n",
       "\n",
       "       [[ 9.83659506e-01,  1.05556481e-01,  1.45848468e-01],\n",
       "        [-6.81959167e-02,  9.68182564e-01, -2.40773112e-01],\n",
       "        [-1.66623130e-01,  2.26892501e-01,  9.59560513e-01]],\n",
       "\n",
       "       [[ 9.81850684e-01,  1.21232152e-01,  1.45848468e-01],\n",
       "        [-8.36294889e-02,  9.66971695e-01, -2.40773112e-01],\n",
       "        [-1.70220807e-01,  2.24206030e-01,  9.59560573e-01]],\n",
       "\n",
       "       [[ 9.81850684e-01,  1.27680033e-01,  1.40238434e-01],\n",
       "        [-8.36294815e-02,  9.55142081e-01, -2.84094125e-01],\n",
       "        [-1.70220792e-01,  2.67209977e-01,  9.48484838e-01]],\n",
       "\n",
       "       [[ 9.87803221e-01,  1.27680033e-01, -8.91211331e-02],\n",
       "        [-1.46670282e-01,  9.55142140e-01, -2.57276535e-01],\n",
       "        [ 5.22742830e-02,  2.67210007e-01,  9.62219357e-01]],\n",
       "\n",
       "       [[ 9.86973584e-01,  1.33942589e-01, -8.91211480e-02],\n",
       "        [-1.52725294e-01,  9.54192817e-01, -2.57276535e-01],\n",
       "        [ 5.05784638e-02,  2.67536163e-01,  9.62219417e-01]],\n",
       "\n",
       "       [[ 9.86973584e-01,  1.30578473e-01, -9.39811617e-02],\n",
       "        [-1.52725294e-01,  9.44098175e-01, -2.92153597e-01],\n",
       "        [ 5.05784713e-02,  3.02701175e-01,  9.51742589e-01]],\n",
       "\n",
       "       [[ 9.86973584e-01,  1.30578473e-01, -9.39811617e-02],\n",
       "        [-1.52725294e-01,  9.44098175e-01, -2.92153597e-01],\n",
       "        [ 5.05784713e-02,  3.02701175e-01,  9.51742589e-01]],\n",
       "\n",
       "       [[ 9.37818408e-01,  1.50464579e-01, -3.12821209e-01],\n",
       "        [-2.95931399e-01,  8.17594409e-01, -4.93927300e-01],\n",
       "        [ 1.81442291e-01,  5.55787742e-01,  8.11282277e-01]],\n",
       "\n",
       "       [[ 9.81358707e-01,  1.72234714e-01, -8.52664709e-02],\n",
       "        [-1.92138553e-01,  8.69490802e-01, -4.55048025e-01],\n",
       "        [-4.23664972e-03,  4.62948322e-01,  8.86375248e-01]],\n",
       "\n",
       "       [[ 8.14837694e-01,  1.22278422e-01,  5.66645980e-01],\n",
       "        [ 7.18139261e-02,  9.48676586e-01, -3.07986617e-01],\n",
       "        [-5.75223804e-01,  2.91652143e-01,  7.64236093e-01]],\n",
       "\n",
       "       [[ 5.09120643e-01,  1.22278437e-01,  8.51965010e-01],\n",
       "        [ 1.92293242e-01,  9.48676527e-01, -2.51070350e-01],\n",
       "        [-8.38939607e-01,  2.91652173e-01,  4.59477484e-01]],\n",
       "\n",
       "       [[ 8.70578587e-01,  8.07793662e-02, -4.85352725e-01],\n",
       "        [-4.71742675e-02,  9.95590150e-01,  8.10837746e-02],\n",
       "        [ 4.89762336e-01, -4.76936512e-02,  8.70550334e-01]],\n",
       "\n",
       "       [[ 4.58469898e-01,  2.86833704e-01, -8.41148913e-01],\n",
       "        [ 9.16559845e-02,  9.26174939e-01,  3.65785092e-01],\n",
       "        [ 8.83970678e-01, -2.44797811e-01,  3.98333341e-01]],\n",
       "\n",
       "       [[ 9.06146705e-01,  1.52530655e-01, -3.94502342e-01],\n",
       "        [-9.74542946e-02,  9.82907951e-01,  1.56185925e-01],\n",
       "        [ 4.11582768e-01, -1.03081435e-01,  9.05523837e-01]],\n",
       "\n",
       "       [[ 9.88246679e-01,  1.52530655e-01, -1.01275705e-02],\n",
       "        [-1.50621906e-01,  9.82908010e-01,  1.05850950e-01],\n",
       "        [ 2.60999911e-02, -1.03081435e-01,  9.94330168e-01]],\n",
       "\n",
       "       [[ 9.75561202e-01,  9.95882154e-02, -1.95862934e-01],\n",
       "        [-1.47400275e-01,  9.57677901e-01, -2.47236967e-01],\n",
       "        [ 1.62951723e-01,  2.70065069e-01,  9.48952854e-01]],\n",
       "\n",
       "       [[ 9.68088627e-01,  8.87716115e-02, -2.34357998e-01],\n",
       "        [-1.42853543e-01,  9.63825583e-01, -2.25016996e-01],\n",
       "        [ 2.05905154e-01,  2.51315296e-01,  9.45750117e-01]],\n",
       "\n",
       "       [[ 9.70488787e-01,  7.95117468e-02, -2.27659941e-01],\n",
       "        [-1.28569424e-01,  9.69310522e-01, -2.09538847e-01],\n",
       "        [ 2.04012424e-01,  2.32625246e-01,  9.50927973e-01]],\n",
       "\n",
       "       [[ 9.75775778e-01,  6.79812953e-02, -2.07941771e-01],\n",
       "        [-1.08482175e-01,  9.75760996e-01, -1.90056965e-01],\n",
       "        [ 1.89981192e-01,  2.08010986e-01,  9.59498942e-01]],\n",
       "\n",
       "       [[ 9.81571019e-01,  5.75232841e-02, -1.82233408e-01],\n",
       "        [-8.94590169e-02,  9.80991304e-01, -1.72199667e-01],\n",
       "        [ 1.68863937e-01,  1.85328662e-01,  9.68058765e-01]],\n",
       "\n",
       "       [[ 9.88779187e-01,  5.22256233e-02, -1.39957249e-01],\n",
       "        [-7.53219053e-02,  9.83381867e-01, -1.65186167e-01],\n",
       "        [ 1.29004478e-01,  1.73874497e-01,  9.76281285e-01]],\n",
       "\n",
       "       [[ 9.94573534e-01,  5.22256196e-02, -8.99755880e-02],\n",
       "        [-6.69059977e-02,  9.83381808e-01, -1.68770373e-01],\n",
       "        [ 7.96662346e-02,  1.73874497e-01,  9.81539905e-01]],\n",
       "\n",
       "       [[ 9.94573534e-01,  5.22256196e-02, -8.99756029e-02],\n",
       "        [-6.69060051e-02,  9.83381808e-01, -1.68770388e-01],\n",
       "        [ 7.96662495e-02,  1.73874512e-01,  9.81539905e-01]],\n",
       "\n",
       "       [[ 9.95225132e-01,  3.96271721e-02, -8.91977698e-02],\n",
       "        [-5.29284552e-02,  9.86948788e-01, -1.52086005e-01],\n",
       "        [ 8.20069164e-02,  1.56080946e-01,  9.84333932e-01]],\n",
       "\n",
       "       [[ 9.95225132e-01,  3.96271609e-02, -8.91977996e-02],\n",
       "        [-5.29284440e-02,  9.86948788e-01, -1.52086005e-01],\n",
       "        [ 8.20069462e-02,  1.56080946e-01,  9.84333932e-01]],\n",
       "\n",
       "       [[ 9.98970032e-01,  3.96271721e-02, -2.20981911e-02],\n",
       "        [-4.25857008e-02,  9.86948967e-01, -1.55299842e-01],\n",
       "        [ 1.56556964e-02,  1.56080961e-01,  9.87619996e-01]],\n",
       "\n",
       "       [[ 9.98970032e-01,  3.96271609e-02, -2.20982134e-02],\n",
       "        [-4.25856970e-02,  9.86948967e-01, -1.55299842e-01],\n",
       "        [ 1.56557187e-02,  1.56080961e-01,  9.87619996e-01]],\n",
       "\n",
       "       [[ 9.99458313e-01,  2.45471839e-02, -2.19146535e-02],\n",
       "        [-2.75557954e-02,  9.88354683e-01, -1.49650767e-01],\n",
       "        [ 1.79859474e-02,  1.50173590e-01,  9.88495946e-01]],\n",
       "\n",
       "       [[ 9.99458313e-01,  2.45471690e-02, -2.19146833e-02],\n",
       "        [-2.75557879e-02,  9.88354683e-01, -1.49650767e-01],\n",
       "        [ 1.79859810e-02,  1.50173590e-01,  9.88495946e-01]],\n",
       "\n",
       "       [[ 9.99545157e-01,  2.45471727e-02,  1.75134912e-02],\n",
       "        [-2.16332544e-02,  9.88354743e-01, -1.50620982e-01],\n",
       "        [-2.10068636e-02,  1.50173619e-01,  9.88436401e-01]],\n",
       "\n",
       "       [[ 9.99545157e-01,  2.45471708e-02,  1.75134912e-02],\n",
       "        [-2.16332525e-02,  9.88354743e-01, -1.50620982e-01],\n",
       "        [-2.10068636e-02,  1.50173619e-01,  9.88436401e-01]],\n",
       "\n",
       "       [[ 9.99761283e-01,  1.30594317e-02,  1.75140463e-02],\n",
       "        [-1.02747865e-02,  9.88542616e-01, -1.50591716e-01],\n",
       "        [-1.92800239e-02,  1.50375828e-01,  9.88440812e-01]],\n",
       "\n",
       "       [[ 9.99761283e-01,  1.30594261e-02,  1.75140463e-02],\n",
       "        [-1.02747809e-02,  9.88542616e-01, -1.50591716e-01],\n",
       "        [-1.92800239e-02,  1.50375828e-01,  9.88440812e-01]],\n",
       "\n",
       "       [[ 9.99392748e-01,  1.30594298e-02,  3.22990268e-02],\n",
       "        [-8.04634579e-03,  9.88542557e-01, -1.50727227e-01],\n",
       "        [-3.38973776e-02,  1.50375828e-01,  9.88047481e-01]],\n",
       "\n",
       "       [[ 9.99392748e-01,  1.30594261e-02,  3.22990268e-02],\n",
       "        [-8.04634020e-03,  9.88542557e-01, -1.50727227e-01],\n",
       "        [-3.38973776e-02,  1.50375828e-01,  9.88047481e-01]],\n",
       "\n",
       "       [[ 9.99468505e-01,  4.35866136e-03,  3.23003829e-02],\n",
       "        [ 5.54894912e-04,  9.88598526e-01, -1.50573015e-01],\n",
       "        [-3.25884148e-02,  1.50510937e-01,  9.88070786e-01]],\n",
       "\n",
       "       [[ 9.99468505e-01,  4.35865857e-03,  3.23003829e-02],\n",
       "        [ 5.54897706e-04,  9.88598526e-01, -1.50573015e-01],\n",
       "        [-3.25884148e-02,  1.50510937e-01,  9.88070786e-01]],\n",
       "\n",
       "       [[ 9.99530852e-01,  4.35866322e-03,  3.03110629e-02],\n",
       "        [ 2.55204970e-04,  9.88598526e-01, -1.50573850e-01],\n",
       "        [-3.06217782e-02,  1.50510967e-01,  9.88133848e-01]],\n",
       "\n",
       "       [[ 9.99530852e-01,  4.35865950e-03,  3.03110592e-02],\n",
       "        [ 2.55208230e-04,  9.88598526e-01, -1.50573850e-01],\n",
       "        [-3.06217745e-02,  1.50510967e-01,  9.88133848e-01]],\n",
       "\n",
       "       [[ 9.99517083e-01,  6.81636110e-03,  3.03110592e-02],\n",
       "        [-2.17562658e-03,  9.88596201e-01, -1.50573835e-01],\n",
       "        [-3.09917703e-02,  1.50435194e-01,  9.88133788e-01]],\n",
       "\n",
       "       [[ 9.99517083e-01,  6.81635691e-03,  3.03110592e-02],\n",
       "        [-2.17562309e-03,  9.88596201e-01, -1.50573835e-01],\n",
       "        [-3.09917666e-02,  1.50435194e-01,  9.88133788e-01]],\n",
       "\n",
       "       [[ 9.99585390e-01,  6.81636110e-03,  2.79712006e-02],\n",
       "        [-2.52810004e-03,  9.88596320e-01, -1.50568351e-01],\n",
       "        [-2.86785550e-02,  1.50435224e-01,  9.88203764e-01]],\n",
       "\n",
       "       [[ 9.99585390e-01,  6.81635831e-03,  2.79712006e-02],\n",
       "        [-2.52809678e-03,  9.88596320e-01, -1.50568351e-01],\n",
       "        [-2.86785550e-02,  1.50435224e-01,  9.88203764e-01]],\n",
       "\n",
       "       [[ 9.99591172e-01,  5.90131478e-03,  2.79711988e-02],\n",
       "        [-1.62311550e-03,  9.88598168e-01, -1.50568336e-01],\n",
       "        [-2.85408292e-02,  1.50461406e-01,  9.88203704e-01]],\n",
       "\n",
       "       [[ 9.99591172e-01,  5.90131106e-03,  2.79711988e-02],\n",
       "        [-1.62311178e-03,  9.88598168e-01, -1.50568336e-01],\n",
       "        [-2.85408292e-02,  1.50461406e-01,  9.88203704e-01]],\n",
       "\n",
       "       [[ 9.69767392e-01,  1.05556481e-01,  2.20020384e-01],\n",
       "        [-4.97414991e-02,  9.68182623e-01, -2.45251209e-01],\n",
       "        [-2.38907784e-01,  2.26892501e-01,  9.44162548e-01]],\n",
       "\n",
       "       [[ 9.70141828e-01,  1.01784706e-01,  2.20146239e-01],\n",
       "        [-4.62425053e-02,  9.68653023e-01, -2.44075343e-01],\n",
       "        [-2.38088489e-01,  2.26607636e-01,  9.44437683e-01]],\n",
       "\n",
       "       [[ 9.70385551e-01,  1.00657396e-01,  2.19589561e-01],\n",
       "        [-4.39113602e-02,  9.67404485e-01, -2.49399230e-01],\n",
       "        [-2.37535834e-01,  2.32370988e-01,  9.43175554e-01]],\n",
       "\n",
       "       [[ 9.69826281e-01,  1.00657396e-01,  2.22046927e-01],\n",
       "        [-4.32794765e-02,  9.67404544e-01, -2.49509677e-01],\n",
       "        [-2.39924237e-01,  2.32370988e-01,  9.42570865e-01]],\n",
       "\n",
       "       [[ 9.69405711e-01,  1.05099842e-01,  2.21825615e-01],\n",
       "        [-4.72339690e-02,  9.66680586e-01, -2.51589984e-01],\n",
       "        [-2.40876600e-01,  2.33415052e-01,  9.42069948e-01]],\n",
       "\n",
       "       [[ 9.69268680e-01,  1.06038406e-01,  2.21977815e-01],\n",
       "        [-4.84861620e-02,  9.66977358e-01, -2.50207961e-01],\n",
       "        [-2.41179153e-01,  2.31755868e-01,  9.42402244e-01]],\n",
       "\n",
       "       [[ 9.68168855e-01,  1.06038414e-01,  2.26726845e-01],\n",
       "        [-4.72589806e-02,  9.66977358e-01, -2.50442624e-01],\n",
       "        [-2.45796248e-01,  2.31755868e-01,  9.41208601e-01]],\n",
       "\n",
       "       [[ 9.88437951e-01,  1.06038406e-01, -1.08381018e-01],\n",
       "        [-1.27907336e-01,  9.66977417e-01, -2.20441923e-01],\n",
       "        [ 8.14266801e-02,  2.31755868e-01,  9.69360173e-01]],\n",
       "\n",
       "       [[ 9.85604942e-01,  1.06038406e-01,  1.31677270e-01],\n",
       "        [-7.13459551e-02,  9.66977417e-01, -2.44672596e-01],\n",
       "        [-1.53273612e-01,  2.31755853e-01,  9.60622966e-01]],\n",
       "\n",
       "       [[ 9.77098048e-01,  2.84968410e-02,  2.10873619e-01],\n",
       "        [ 1.42149422e-02,  9.80037391e-01, -1.98305339e-01],\n",
       "        [-2.12315068e-01,  1.96761280e-01,  9.57187474e-01]],\n",
       "\n",
       "       [[ 8.73975992e-01,  4.85342711e-01,  2.46701092e-02],\n",
       "        [-4.71664399e-01,  8.59382391e-01, -1.97470784e-01],\n",
       "        [-1.17042050e-01,  1.60948694e-01,  9.79998350e-01]],\n",
       "\n",
       "       [[ 8.70292008e-01,  4.92419571e-01, -1.07144192e-02],\n",
       "        [-4.86239702e-01,  8.55495989e-01, -1.78038567e-01],\n",
       "        [-7.85035342e-02,  1.60155326e-01,  9.83965218e-01]],\n",
       "\n",
       "       [[ 5.41925967e-01,  2.95399964e-01, -7.86800504e-01],\n",
       "        [-6.12836003e-01,  7.79538095e-01, -1.29430860e-01],\n",
       "        [ 5.75107098e-01,  5.52321672e-01,  6.03483737e-01]],\n",
       "\n",
       "       [[ 8.80083919e-01,  4.64478880e-01, -9.85466242e-02],\n",
       "        [-4.74166662e-01,  8.48872662e-01, -2.33625665e-01],\n",
       "        [-2.48606466e-02,  2.52337754e-01,  9.67319727e-01]],\n",
       "\n",
       "       [[ 9.63095665e-01,  1.69347614e-01,  2.09209070e-01],\n",
       "        [-9.86569226e-02,  9.45275545e-01, -3.11000437e-01],\n",
       "        [-2.50427365e-01,  2.78883189e-01,  9.27097917e-01]],\n",
       "\n",
       "       [[ 9.21453893e-01, -3.88232023e-01, -1.41024329e-02],\n",
       "        [ 3.69019419e-01,  8.86046827e-01, -2.80617118e-01],\n",
       "        [ 1.21439964e-01,  2.53371656e-01,  9.59716260e-01]],\n",
       "\n",
       "       [[ 7.58888960e-01, -4.74595964e-01, -4.45922107e-01],\n",
       "        [ 2.71854818e-01,  8.53108048e-01, -4.45310950e-01],\n",
       "        [ 5.91762424e-01,  2.16715440e-01,  7.76435375e-01]],\n",
       "\n",
       "       [[ 3.18185240e-01, -2.10173741e-01, -9.24437881e-01],\n",
       "        [ 6.42767996e-02,  9.77654815e-01, -2.00149149e-01],\n",
       "        [ 9.45847154e-01,  4.26460803e-03,  3.24584574e-01]],\n",
       "\n",
       "       [[ 6.83150530e-01, -3.92656386e-01, -6.15732551e-01],\n",
       "        [ 1.97463572e-01,  9.11061525e-01, -3.61905158e-01],\n",
       "        [ 7.03074455e-01,  1.25650942e-01,  6.99927449e-01]]],      dtype=float32), xipos=Array([[ 0.        ,  0.        ,  0.        ],\n",
       "       [-0.01264191, -0.02743595,  0.06177935],\n",
       "       [-0.02017821, -0.03054186,  0.07853793],\n",
       "       [-0.02563263, -0.03023724,  0.07999793],\n",
       "       [-0.03205422, -0.0297384 ,  0.08099904],\n",
       "       [-0.0392198 , -0.0285685 ,  0.0802739 ],\n",
       "       [-0.0458015 , -0.02690301,  0.07751347],\n",
       "       [-0.05158762, -0.025064  ,  0.07368423],\n",
