{
 "cells": [
  {
   "cell_type": "markdown",
   "metadata": {},
   "source": [
    "# Brax Environment & State"
   ]
  },
  {
   "cell_type": "code",
   "execution_count": 6,
   "metadata": {},
   "outputs": [],
   "source": [
    "from BaseRodentEnv import Rodent\n",
    "from brax import envs\n",
    "import jax\n",
    "import numpy as np\n",
    "import mediapy as media"
   ]
  },
  {
   "cell_type": "code",
   "execution_count": 7,
   "metadata": {},
   "outputs": [
    {
     "data": {
      "text/plain": [
       "BaseRodentEnv.Rodent"
      ]
     },
     "execution_count": 7,
     "metadata": {},
     "output_type": "execute_result"
    }
   ],
   "source": [
    "Rodent"
   ]
  },
  {
   "cell_type": "code",
   "execution_count": 8,
   "metadata": {},
   "outputs": [],
   "source": [
    "envs.register_environment('rodent', Rodent)"
   ]
  },
  {
   "cell_type": "code",
   "execution_count": 9,
   "metadata": {},
   "outputs": [],
   "source": [
    "env = envs.get_environment(env_name='rodent')"
   ]
  },
  {
   "cell_type": "code",
   "execution_count": 10,
   "metadata": {},
   "outputs": [],
   "source": [
    "jit_reset = jax.jit(env.reset)\n",
    "jit_step = jax.jit(env.step)\n",
    "state = jit_reset(jax.random.PRNGKey(0))"
   ]
  },
  {
   "cell_type": "code",
   "execution_count": 11,
   "metadata": {},
   "outputs": [
    {
     "data": {
      "text/plain": [
       "State(solver_niter=Array(0, dtype=int32), time=Array(0., dtype=float32, weak_type=True), qpos=Array([ 4.04833890e-02, -8.96714069e-03,  7.55159557e-02,  9.99944270e-01,\n",
       "        1.74673495e-03,  4.56508016e-03,  9.35458764e-03,  4.98908758e-03,\n",
       "        1.63373468e-03,  8.58705025e-03,  5.59443003e-03,  9.38590057e-03,\n",
       "        9.71957669e-03,  5.60190668e-03, -1.04575156e-04,  9.36790463e-03,\n",
       "        4.01520738e-05, -7.71624316e-03, -2.73497566e-03, -1.00942852e-03,\n",
       "        7.73050543e-03,  3.20954784e-03,  3.57467635e-03,  9.61852726e-03,\n",
       "       -8.71190336e-03, -3.41589446e-03, -8.77431873e-03, -6.90993061e-03,\n",
       "        4.92489804e-03,  8.87549389e-03,  1.82025426e-04,  3.83699639e-03,\n",
       "       -9.46147460e-03, -1.89946173e-03, -9.18047130e-03,  8.07757583e-03,\n",
       "        2.22446187e-03,  9.94298235e-03, -9.68115032e-03,  6.05548825e-03,\n",
       "       -6.93347445e-03, -2.66981125e-03, -7.76003813e-03,  9.18575749e-03,\n",
       "       -8.71645473e-03,  2.32315055e-04,  2.46979948e-03, -1.84839009e-03,\n",
       "       -9.16075660e-04,  3.83615494e-03,  6.83409907e-03,  9.97275766e-03,\n",
       "       -8.57095700e-04, -7.13141402e-03, -2.90110102e-03,  4.06311732e-03,\n",
       "       -2.32849829e-03, -7.12297671e-03, -9.35723772e-04,  9.96234640e-03,\n",
       "        5.69658028e-03,  7.80458888e-03,  2.79623969e-03, -8.25969223e-03,\n",
       "       -1.61558390e-03, -5.34296734e-03,  7.36013381e-03, -4.74929810e-04,\n",
       "       -1.03305571e-03, -2.26466655e-04,  3.54435667e-03, -8.73860810e-03,\n",
       "       -1.33256428e-03, -7.45172240e-03], dtype=float32), qvel=Array([ 6.0617016e-03, -8.1608007e-03, -8.0996156e-03, -6.8960786e-03,\n",
       "       -2.8486250e-04,  1.0867047e-03, -3.3451484e-03, -7.5092195e-03,\n",
       "        5.0976751e-03,  4.0499400e-03,  1.3519764e-03,  3.6881231e-03,\n",
       "       -4.3181656e-03,  5.7529784e-03, -6.5498828e-04,  4.2358660e-03,\n",
       "       -4.3631364e-03, -1.7798971e-03,  3.1955121e-03,  6.7641116e-03,\n",
       "       -6.5444922e-03,  4.5127319e-03,  8.0138016e-03, -2.0964837e-03,\n",
       "       -8.9171194e-03,  6.2668752e-03, -5.0129889e-05,  7.3476336e-03,\n",
       "       -1.5770220e-03,  7.8913523e-03, -7.4261664e-03, -6.9023846e-03,\n",
       "        8.7177772e-03, -8.4291222e-03,  3.0451417e-03,  1.8041038e-03,\n",
       "        5.4033184e-03, -2.6668571e-03,  9.2892330e-03, -2.6180982e-04,\n",
       "       -4.3370770e-03, -5.7219313e-03, -1.9052147e-03, -5.2858354e-04,\n",
       "       -8.0904746e-03, -7.5132512e-03, -6.8208813e-03, -4.3965694e-03,\n",
       "        6.8865251e-03, -6.1562010e-03,  4.8186108e-03,  2.8616809e-03,\n",
       "        8.5392212e-03,  4.4659590e-03,  7.6718088e-03,  2.3809932e-03,\n",
       "        3.5759998e-03,  6.5277983e-03,  5.6761480e-03, -3.0686902e-03,\n",
       "       -7.7172327e-03, -6.9757197e-03, -6.9185015e-04,  5.3938581e-03,\n",
       "       -5.7353494e-03,  2.1292423e-03, -9.4732214e-03, -9.9177356e-05,\n",
       "        3.0827308e-03,  4.1136262e-03, -7.8649828e-03, -4.7352430e-03,\n",
       "        7.5319386e-03], dtype=float32), act=Array([0., 0., 0., 0., 0., 0., 0., 0., 0., 0., 0., 0., 0., 0., 0., 0., 0.,\n",
       "       0., 0., 0., 0., 0., 0., 0., 0., 0., 0., 0., 0., 0.], dtype=float32), qacc_warmstart=Array([ 1.89900417e+01,  4.07249957e-01,  6.86484718e+00,  1.48810547e+02,\n",
       "       -6.39465218e+01, -3.40501404e+01, -1.09531287e+03,  1.01252441e+01,\n",
       "       -1.02120316e+02,  4.49931055e+03,  9.21625443e+01, -7.63441010e+01,\n",
       "       -1.48683667e+03,  4.93016504e+03, -8.28286035e+03,  3.07633472e+03,\n",
       "        1.93694844e+05, -2.23907788e+03, -1.33234216e+03,  4.71678711e+03,\n",
       "       -8.13031592e+03,  3.43390723e+03,  1.88310000e+05,  3.45159531e+01,\n",
       "       -6.29287549e+03,  9.51502380e+01, -1.27502087e+03,  2.19987702e+00,\n",
       "        3.20603912e+02, -2.54530907e+01,  8.22060913e+02,  1.55303364e+01,\n",
       "        8.20024048e+02,  1.37980099e+01,  7.52998596e+02, -2.47279358e+01,\n",
       "        6.35650452e+02, -1.19342289e+01,  1.37249908e+02, -1.88869076e+01,\n",
       "        7.06632690e+01,  7.15665483e+00,  5.97526474e+01, -3.90507674e+00,\n",
       "        5.65574684e+01,  2.27307739e+01,  3.07351761e+01,  1.43824234e+01,\n",
       "        8.58246708e+00,  2.15203786e+00, -1.41939821e+01,  1.48150978e+01,\n",
       "        6.88504457e-01, -4.26955551e-01,  3.62485361e+00,  8.56656113e+01,\n",
       "        2.56601807e+02,  3.16216816e+04, -2.44935645e+04, -3.89164215e+02,\n",
       "        2.80819902e+04,  1.04882039e+05, -4.73573750e+04,  1.35666656e+05,\n",
       "        6.68376719e+04,  2.86499141e+04, -2.34076914e+04,  1.45367078e+03,\n",
       "        2.79720566e+04,  1.04264000e+05, -4.72952891e+04,  1.35642125e+05,\n",
       "        6.69767266e+04], dtype=float32), ctrl=Array([0., 0., 0., 0., 0., 0., 0., 0., 0., 0., 0., 0., 0., 0., 0., 0., 0.,\n",
       "       0., 0., 0., 0., 0., 0., 0., 0., 0., 0., 0., 0., 0.], dtype=float32), qfrc_applied=Array([0., 0., 0., 0., 0., 0., 0., 0., 0., 0., 0., 0., 0., 0., 0., 0., 0.,\n",
       "       0., 0., 0., 0., 0., 0., 0., 0., 0., 0., 0., 0., 0., 0., 0., 0., 0.,\n",
       "       0., 0., 0., 0., 0., 0., 0., 0., 0., 0., 0., 0., 0., 0., 0., 0., 0.,\n",
       "       0., 0., 0., 0., 0., 0., 0., 0., 0., 0., 0., 0., 0., 0., 0., 0., 0.,\n",
       "       0., 0., 0., 0., 0.], dtype=float32), xfrc_applied=Array([[0., 0., 0., 0., 0., 0.],\n",
       "       [0., 0., 0., 0., 0., 0.],\n",
       "       [0., 0., 0., 0., 0., 0.],\n",
       "       [0., 0., 0., 0., 0., 0.],\n",
       "       [0., 0., 0., 0., 0., 0.],\n",
       "       [0., 0., 0., 0., 0., 0.],\n",
       "       [0., 0., 0., 0., 0., 0.],\n",
       "       [0., 0., 0., 0., 0., 0.],\n",
       "       [0., 0., 0., 0., 0., 0.],\n",
       "       [0., 0., 0., 0., 0., 0.],\n",
       "       [0., 0., 0., 0., 0., 0.],\n",
       "       [0., 0., 0., 0., 0., 0.],\n",
       "       [0., 0., 0., 0., 0., 0.],\n",
       "       [0., 0., 0., 0., 0., 0.],\n",
       "       [0., 0., 0., 0., 0., 0.],\n",
       "       [0., 0., 0., 0., 0., 0.],\n",
       "       [0., 0., 0., 0., 0., 0.],\n",
       "       [0., 0., 0., 0., 0., 0.],\n",
       "       [0., 0., 0., 0., 0., 0.],\n",
       "       [0., 0., 0., 0., 0., 0.],\n",
       "       [0., 0., 0., 0., 0., 0.],\n",
       "       [0., 0., 0., 0., 0., 0.],\n",
       "       [0., 0., 0., 0., 0., 0.],\n",
       "       [0., 0., 0., 0., 0., 0.],\n",
       "       [0., 0., 0., 0., 0., 0.],\n",
       "       [0., 0., 0., 0., 0., 0.],\n",
       "       [0., 0., 0., 0., 0., 0.],\n",
       "       [0., 0., 0., 0., 0., 0.],\n",
       "       [0., 0., 0., 0., 0., 0.],\n",
       "       [0., 0., 0., 0., 0., 0.],\n",
       "       [0., 0., 0., 0., 0., 0.],\n",
       "       [0., 0., 0., 0., 0., 0.],\n",
       "       [0., 0., 0., 0., 0., 0.],\n",
       "       [0., 0., 0., 0., 0., 0.],\n",
       "       [0., 0., 0., 0., 0., 0.],\n",
       "       [0., 0., 0., 0., 0., 0.],\n",
       "       [0., 0., 0., 0., 0., 0.],\n",
       "       [0., 0., 0., 0., 0., 0.],\n",
       "       [0., 0., 0., 0., 0., 0.],\n",
       "       [0., 0., 0., 0., 0., 0.],\n",
       "       [0., 0., 0., 0., 0., 0.],\n",
       "       [0., 0., 0., 0., 0., 0.],\n",
       "       [0., 0., 0., 0., 0., 0.],\n",
       "       [0., 0., 0., 0., 0., 0.],\n",
       "       [0., 0., 0., 0., 0., 0.],\n",
       "       [0., 0., 0., 0., 0., 0.],\n",
       "       [0., 0., 0., 0., 0., 0.],\n",
       "       [0., 0., 0., 0., 0., 0.],\n",
       "       [0., 0., 0., 0., 0., 0.],\n",
       "       [0., 0., 0., 0., 0., 0.],\n",
       "       [0., 0., 0., 0., 0., 0.],\n",
       "       [0., 0., 0., 0., 0., 0.],\n",
       "       [0., 0., 0., 0., 0., 0.],\n",
       "       [0., 0., 0., 0., 0., 0.],\n",
       "       [0., 0., 0., 0., 0., 0.],\n",
       "       [0., 0., 0., 0., 0., 0.],\n",
       "       [0., 0., 0., 0., 0., 0.],\n",
       "       [0., 0., 0., 0., 0., 0.],\n",
       "       [0., 0., 0., 0., 0., 0.],\n",
       "       [0., 0., 0., 0., 0., 0.],\n",
       "       [0., 0., 0., 0., 0., 0.],\n",
       "       [0., 0., 0., 0., 0., 0.],\n",
       "       [0., 0., 0., 0., 0., 0.],\n",
       "       [0., 0., 0., 0., 0., 0.],\n",
       "       [0., 0., 0., 0., 0., 0.],\n",
       "       [0., 0., 0., 0., 0., 0.]], dtype=float32), eq_active=Array([], shape=(0,), dtype=uint8), qacc=Array([ 1.89900417e+01,  4.07249957e-01,  6.86484718e+00,  1.48810547e+02,\n",
       "       -6.39465218e+01, -3.40501404e+01, -1.09531287e+03,  1.01252441e+01,\n",
       "       -1.02120316e+02,  4.49931055e+03,  9.21625443e+01, -7.63441010e+01,\n",
       "       -1.48683667e+03,  4.93016504e+03, -8.28286035e+03,  3.07633472e+03,\n",
       "        1.93694844e+05, -2.23907788e+03, -1.33234216e+03,  4.71678711e+03,\n",
       "       -8.13031592e+03,  3.43390723e+03,  1.88310000e+05,  3.45159531e+01,\n",
       "       -6.29287549e+03,  9.51502380e+01, -1.27502087e+03,  2.19987702e+00,\n",
       "        3.20603912e+02, -2.54530907e+01,  8.22060913e+02,  1.55303364e+01,\n",
       "        8.20024048e+02,  1.37980099e+01,  7.52998596e+02, -2.47279358e+01,\n",
       "        6.35650452e+02, -1.19342289e+01,  1.37249908e+02, -1.88869076e+01,\n",
       "        7.06632690e+01,  7.15665483e+00,  5.97526474e+01, -3.90507674e+00,\n",
       "        5.65574684e+01,  2.27307739e+01,  3.07351761e+01,  1.43824234e+01,\n",
       "        8.58246708e+00,  2.15203786e+00, -1.41939821e+01,  1.48150978e+01,\n",
       "        6.88504457e-01, -4.26955551e-01,  3.62485361e+00,  8.56656113e+01,\n",
       "        2.56601807e+02,  3.16216816e+04, -2.44935645e+04, -3.89164215e+02,\n",
       "        2.80819902e+04,  1.04882039e+05, -4.73573750e+04,  1.35666656e+05,\n",
       "        6.68376719e+04,  2.86499141e+04, -2.34076914e+04,  1.45367078e+03,\n",
       "        2.79720566e+04,  1.04264000e+05, -4.72952891e+04,  1.35642125e+05,\n",
       "        6.69767266e+04], dtype=float32), act_dot=Array([0., 0., 0., 0., 0., 0., 0., 0., 0., 0., 0., 0., 0., 0., 0., 0., 0.,\n",
       "       0., 0., 0., 0., 0., 0., 0., 0., 0., 0., 0., 0., 0.], dtype=float32), userdata=Array([], shape=(0,), dtype=float32), xpos=Array([[ 0.        ,  0.        ,  0.        ],\n",
       "       [ 0.04048339, -0.00896714,  0.07551596],\n",
       "       [ 0.0214776 , -0.00938363,  0.09255087],\n",
       "       [ 0.01585701, -0.0094932 ,  0.0931622 ],\n",
       "       [ 0.00934123, -0.00966183,  0.09315906],\n",
       "       [ 0.00256389, -0.00977558,  0.09197201],\n",
       "       [-0.00437233, -0.00992132,  0.08960973],\n",
       "       [-0.0106255 , -0.01008676,  0.08609013],\n",
       "       [-0.02385276, -0.01029848,  0.0782284 ],\n",
       "       [-0.02919748,  0.00125412,  0.06869279],\n",
       "       [-0.01516239,  0.01980888,  0.04294735],\n",
       "       [-0.04791594,  0.01440038,  0.02172679],\n",
       "       [-0.02716122,  0.02282071,  0.0187103 ],\n",
       "       [-0.02852204, -0.02171284,  0.06818515],\n",
       "       [-0.0131724 , -0.0383542 ,  0.04188792],\n",
       "       [-0.04603666, -0.03435715,  0.0205262 ],\n",
       "       [-0.0248036 , -0.04127347,  0.01705037],\n",
       "       [-0.03986023, -0.01056093,  0.0666448 ],\n",
       "       [-0.04377883, -0.01060713,  0.06245715],\n",
       "       [-0.0472735 , -0.01063577,  0.05825192],\n",
       "       [-0.05063714, -0.01069732,  0.05390506],\n",
       "       [-0.05390496, -0.01079718,  0.04940212],\n",
       "       [-0.05714544, -0.01090402,  0.04458134],\n",
       "       [-0.06056223, -0.01100888,  0.03905736],\n",
       "       [-0.06421286, -0.01112486,  0.0336737 ],\n",
       "       [-0.06868404, -0.01132296,  0.02872451],\n",
       "       [-0.0737086 , -0.01156981,  0.02434946],\n",
       "       [-0.07925068, -0.01184236,  0.02020878],\n",
       "       [-0.08554016, -0.01215214,  0.01664011],\n",
       "       [-0.0925348 , -0.01252341,  0.01435281],\n",
       "       [-0.09938231, -0.01290862,  0.01374425],\n",
       "       [-0.10590574, -0.01327465,  0.01370506],\n",
       "       [-0.11258917, -0.01364936,  0.01384255],\n",
       "       [-0.11905764, -0.01404507,  0.01409317],\n",
       "       [-0.1252472 , -0.0144401 ,  0.01434906],\n",
       "       [-0.1314318 , -0.01483477,  0.01464407],\n",
       "       [-0.13763951, -0.01523088,  0.01496048],\n",
       "       [-0.14374019, -0.01565407,  0.01515932],\n",
       "       [-0.15022363, -0.01612463,  0.01547429],\n",
       "       [-0.15658946, -0.01658664,  0.01579728],\n",
       "       [-0.16274606, -0.01703347,  0.01611028],\n",
       "       [-0.1686916 , -0.01745607,  0.01641251],\n",
       "       [-0.1742993 , -0.01784912,  0.01669754],\n",
       "       [-0.17947342, -0.01821178,  0.0169534 ],\n",
       "       [-0.18449132, -0.01856351,  0.01719964],\n",
       "       [-0.18924761, -0.01890033,  0.01743257],\n",
       "       [-0.19323815, -0.01918372,  0.01762759],\n",
       "       [ 0.06817794, -0.00843306,  0.07426291],\n",
       "       [ 0.0705971 , -0.00840194,  0.07504122],\n",
       "       [ 0.07275877, -0.00835118,  0.07595488],\n",
       "       [ 0.07466909, -0.00830468,  0.07680502],\n",
       "       [ 0.07645727, -0.00826312,  0.07771857],\n",
       "       [ 0.07836017, -0.00824427,  0.07940133],\n",
       "       [ 0.08082942, -0.00820687,  0.08074104],\n",
       "       [ 0.1068033 , -0.00768141,  0.08202447],\n",
       "       [ 0.10701165, -0.00748581,  0.06573899],\n",
       "       [ 0.0471234 , -0.00734367,  0.08699051],\n",
       "       [ 0.07526536,  0.00338536,  0.06130763],\n",
       "       [ 0.0586816 ,  0.01382576,  0.03952537],\n",
       "       [ 0.07982568,  0.02700998,  0.01960768],\n",
       "       [ 0.08270412,  0.0286834 ,  0.01124621],\n",
       "       [ 0.04714105, -0.01052843,  0.08692779],\n",
       "       [ 0.07574172, -0.01993512,  0.06123328],\n",
       "       [ 0.05978933, -0.03043308,  0.03901158],\n",
       "       [ 0.08161011, -0.04258887,  0.0191697 ],\n",
       "       [ 0.08466206, -0.04401259,  0.01082353]], dtype=float32), xquat=Array([[ 1.00000000e+00,  0.00000000e+00,  0.00000000e+00,\n",
       "         0.00000000e+00],\n",
       "       [ 9.99944270e-01,  1.74673495e-03,  4.56508016e-03,\n",
       "         9.35458764e-03],\n",
       "       [ 9.99929786e-01,  1.72339403e-03,  7.05946842e-03,\n",
       "         9.35891550e-03],\n",
       "       [ 9.99921799e-01,  1.72916008e-03,  7.05805793e-03,\n",
       "         1.01757217e-02],\n",
       "       [ 9.99905109e-01,  6.02232059e-03,  7.10168248e-03,\n",
       "         1.01453243e-02],\n",
       "       [ 9.99881327e-01,  5.99391805e-03,  9.89860017e-03,\n",
       "         1.01621300e-02],\n",
       "       [ 9.99822617e-01,  6.04030536e-03,  9.87036154e-03,\n",
       "         1.48543939e-02],\n",
       "       [ 9.99781489e-01,  1.08991414e-02,  9.94243380e-03,\n",
       "         1.48062510e-02],\n",
       "       [ 9.99781489e-01,  1.08991414e-02,  9.94243380e-03,\n",
       "         1.48062510e-02],\n",
       "       [ 9.99679267e-01,  1.07920831e-02,  1.45935398e-02,\n",
       "         1.76577922e-02],\n",
       "       [ 9.99679387e-01,  1.08013749e-02,  1.45757468e-02,\n",
       "         1.76574681e-02],\n",
       "       [ 9.99713838e-01,  1.19748106e-02,  1.09009976e-02,\n",
       "         1.76012628e-02],\n",
       "       [ 9.99727786e-01,  1.19988685e-02,  9.53389145e-03,\n",
       "         1.75848715e-02],\n",
       "       [ 9.99791443e-01,  7.01506669e-03,  1.14821307e-02,\n",
       "         1.53604243e-02],\n",
       "       [ 9.99813795e-01,  6.24045637e-03,  9.87152476e-03,\n",
       "         1.53583633e-02],\n",
       "       [ 9.99748111e-01,  7.55130639e-03,  1.44981975e-02,\n",
       "         1.53732905e-02],\n",
       "       [ 9.99801815e-01,  7.61819957e-03,  1.01432195e-02,\n",
       "         1.53402518e-02],\n",
       "       [ 9.99764442e-01,  8.31585936e-03,  8.15746374e-03,\n",
       "         1.83140188e-02],\n",
       "       [ 9.99798894e-01,  1.01854410e-02,  4.75038448e-03,\n",
       "         1.66123491e-02],\n",
       "       [ 9.99768198e-01,  1.01820389e-02,  9.18893609e-03,\n",
       "         1.65997539e-02],\n",
       "       [ 9.99729276e-01,  6.38094684e-03,  1.10150892e-02,\n",
       "         1.94765199e-02],\n",
       "       [ 9.99701858e-01,  2.65754829e-03,  9.97535139e-03,\n",
       "         2.21273117e-02],\n",
       "       [ 9.99663651e-01,  3.49779800e-03,  1.40351411e-02,\n",
       "         2.15277597e-02],\n",
       "       [ 9.99581516e-01,  3.39073036e-03,  1.90047659e-02,\n",
       "         2.15448830e-02],\n",
       "       [ 9.99581516e-01,  3.39073036e-03,  1.90047659e-02,\n",
       "         2.15448830e-02],\n",
       "       [ 9.99515355e-01, -2.59201945e-04,  1.89140588e-02,\n",
       "         2.47223843e-02],\n",
       "       [ 9.99515355e-01, -2.59201945e-04,  1.89140588e-02,\n",
       "         2.47223843e-02],\n",
       "       [ 9.99453485e-01, -3.34053679e-04,  2.19402444e-02,\n",
       "         2.47214865e-02],\n",
       "       [ 9.99453485e-01, -3.34053679e-04,  2.19402444e-02,\n",
       "         2.47214865e-02],\n",
       "       [ 9.99366820e-01, -1.48186774e-03,  2.19110418e-02,\n",
       "         2.79914122e-02],\n",
       "       [ 9.99366820e-01, -1.48186774e-03,  2.19110437e-02,\n",
       "         2.79914122e-02],\n",
       "       [ 9.99395192e-01, -1.44450064e-03,  2.05769632e-02,\n",
       "         2.79933661e-02],\n",
       "       [ 9.99395192e-01, -1.44450064e-03,  2.05769632e-02,\n",
       "         2.79933661e-02],\n",
       "       [ 9.99279082e-01, -1.37463899e-03,  2.05821339e-02,\n",
       "         3.18710096e-02],\n",
       "       [ 9.99279082e-01, -1.37463899e-03,  2.05821339e-02,\n",
       "         3.18710096e-02],\n",
       "       [ 9.99173999e-01, -1.52100355e-03,  2.51714680e-02,\n",
       "         3.18643600e-02],\n",
       "       [ 9.99173999e-01, -1.52100355e-03,  2.51714680e-02,\n",
       "         3.18643600e-02],\n",
       "       [ 9.99025524e-01, -1.48935174e-03,  2.51753684e-02,\n",
       "         3.62199396e-02],\n",
       "       [ 9.99025524e-01, -1.48935174e-03,  2.51753684e-02,\n",
       "         3.62199396e-02],\n",
       "       [ 9.99022603e-01, -1.49355899e-03,  2.52914131e-02,\n",
       "         3.62197682e-02],\n",
       "       [ 9.99022603e-01, -1.49355899e-03,  2.52914131e-02,\n",
       "         3.62197682e-02],\n",
       "       [ 9.99066532e-01, -1.52479019e-03,  2.52895486e-02,\n",
       "         3.49860489e-02],\n",
       "       [ 9.99066532e-01, -1.52479019e-03,  2.52895486e-02,\n",
       "         3.49860489e-02],\n",
       "       [ 9.99089479e-01, -1.49245572e-03,  2.43662056e-02,\n",
       "         3.49874385e-02],\n",
       "       [ 9.99089479e-01, -1.49245572e-03,  2.43662056e-02,\n",
       "         3.49874422e-02],\n",
       "       [ 9.99073327e-01, -1.48129486e-03,  2.43668854e-02,\n",
       "         3.54450606e-02],\n",
       "       [ 9.99073327e-01, -1.48129486e-03,  2.43668854e-02,\n",
       "         3.54450606e-02],\n",
       "       [ 9.99933660e-01,  1.72878883e-03,  6.48304122e-03,\n",
       "         9.35792085e-03],\n",
       "       [ 9.99899387e-01,  6.61346829e-04,  6.46721758e-03,\n",
       "         1.26037421e-02],\n",
       "       [ 9.99858677e-01,  5.24149416e-03,  6.52338425e-03,\n",
       "         1.45738600e-02],\n",
       "       [ 9.99861360e-01,  5.24773914e-03,  6.09489623e-03,\n",
       "         1.45716118e-02],\n",
       "       [ 9.99892235e-01,  6.88831555e-03,  6.13560760e-03,\n",
       "         1.14061497e-02],\n",
       "       [ 9.99909639e-01,  5.80759998e-03,  6.13105390e-03,\n",
       "         1.04387682e-02],\n",
       "       [ 9.99895096e-01,  5.78638073e-03,  8.16241466e-03,\n",
       "         1.04505448e-02],\n",
       "       [ 9.99884963e-01,  5.77420974e-03,  9.32653621e-03,\n",
       "         1.04572745e-02],\n",
       "       [ 9.90604997e-01,  4.39944398e-03,  1.36230767e-01,\n",
       "         1.11058988e-02],\n",
       "       [ 9.99905288e-01,  7.51965307e-03,  7.34530715e-03,\n",
       "         8.87843594e-03],\n",
       "       [ 9.99880493e-01,  7.46921776e-03,  1.12576205e-02,\n",
       "         7.50976754e-03],\n",
       "       [ 9.99923646e-01,  7.49044819e-03,  7.21442234e-03,\n",
       "         6.66962564e-03],\n",
       "       [ 9.99921441e-01,  7.07025221e-03,  7.90427160e-03,\n",
       "         6.67781057e-03],\n",
       "       [ 9.99928296e-01,  8.28081183e-03,  5.52296452e-03,\n",
       "         6.65144948e-03],\n",
       "       [ 9.99973357e-01,  2.11860728e-03,  4.07893676e-03,\n",
       "         5.67193236e-03],\n",
       "       [ 9.99962211e-01,  2.12627416e-03,  3.96194495e-03,\n",
       "         7.44381454e-03],\n",
       "       [ 9.99963284e-01,  2.16154149e-03, -3.24194378e-04,\n",
       "         8.29148944e-03],\n",
       "       [ 9.99962509e-01,  2.49959063e-03,  2.49959237e-04,\n",
       "         8.29283334e-03],\n",
       "       [ 9.99960601e-01,  8.61019827e-04, -3.09623941e-03,\n",
       "         8.28486215e-03]], dtype=float32), xmat=Array([[[ 1.00000000e+00,  0.00000000e+00,  0.00000000e+00],\n",
       "        [ 0.00000000e+00,  1.00000000e+00,  0.00000000e+00],\n",
       "        [ 0.00000000e+00,  0.00000000e+00,  1.00000000e+00]],\n",
       "\n",
       "       [[ 9.99783218e-01, -1.86921842e-02,  9.16233193e-03],\n",
       "        [ 1.87240802e-02,  9.99818861e-01, -3.40786646e-03],\n",
       "        [-9.09697171e-03,  3.57868406e-03,  9.99952137e-01]],\n",
       "\n",
       "       [[ 9.99725103e-01, -1.86921842e-02,  1.41502041e-02],\n",
       "        [ 1.87408477e-02,  9.99818802e-01, -3.31440824e-03],\n",
       "        [-1.40856877e-02,  3.57868406e-03,  9.99894381e-01]],\n",
       "\n",
       "       [[ 9.99693215e-01, -2.03254446e-02,  1.41502032e-02],\n",
       "        [ 2.03742608e-02,  9.99786913e-01, -3.31440801e-03],\n",
       "        [-1.40798213e-02,  3.60169122e-03,  9.99894321e-01]],\n",
       "\n",
       "       [[ 9.99693096e-01, -2.02031862e-02,  1.43242143e-02],\n",
       "        [ 2.03742590e-02,  9.99721467e-01, -1.18994005e-02],\n",
       "        [-1.40798204e-02,  1.21875964e-02,  9.99826491e-01]],\n",
       "\n",
       "       [[ 9.99597311e-01, -2.02031843e-02,  1.99166741e-02],\n",
       "        [ 2.04405114e-02,  9.99721408e-01, -1.17852315e-02],\n",
       "        [-1.96730290e-02,  1.21875945e-02,  9.99732018e-01]],\n",
       "\n",
       "       [[ 9.99363661e-01, -2.95842793e-02,  1.99166723e-02],\n",
       "        [ 2.98227575e-02,  9.99485612e-01, -1.17852315e-02],\n",
       "        [-1.95577703e-02,  1.23717040e-02,  9.99732018e-01]],\n",
       "\n",
       "       [[ 9.99363780e-01, -2.93893032e-02,  2.02032737e-02],\n",
       "        [ 2.98227593e-02,  9.99323845e-01, -2.14990992e-02],\n",
       "        [-1.95577703e-02,  2.20879409e-02,  9.99564648e-01]],\n",
       "\n",
       "       [[ 9.99363780e-01, -2.93893032e-02,  2.02032737e-02],\n",
       "        [ 2.98227593e-02,  9.99323845e-01, -2.14990992e-02],\n",
       "        [-1.95577703e-02,  2.20879409e-02,  9.99564648e-01]],\n",
       "\n",
       "       [[ 9.98950362e-01, -3.49892676e-02,  2.95588467e-02],\n",
       "        [ 3.56192440e-02,  9.99143362e-01, -2.10618638e-02],\n",
       "        [-2.87965890e-02,  2.20926218e-02,  9.99341011e-01]],\n",
       "\n",
       "       [[ 9.98951316e-01, -3.49887386e-02,  2.95235962e-02],\n",
       "        [ 3.56184915e-02,  9.99142885e-01, -2.10810825e-02],\n",
       "        [-2.87606977e-02,  2.21105665e-02,  9.99341607e-01]],\n",
       "\n",
       "       [[ 9.99142468e-01, -3.49313766e-02,  2.22172998e-02],\n",
       "        [ 3.54535282e-02,  9.99093354e-01, -2.35590264e-02],\n",
       "        [-2.13742144e-02,  2.43265107e-02,  9.99475300e-01]],\n",
       "\n",
       "       [[ 9.99199450e-01, -3.49313766e-02,  1.94845889e-02],\n",
       "        [ 3.53889614e-02,  9.99093354e-01, -2.36559007e-02],\n",
       "        [-1.86405946e-02,  2.43265089e-02,  9.99530017e-01]],\n",
       "\n",
       "       [[ 9.99264419e-01, -3.05533446e-02,  2.31749807e-02],\n",
       "        [ 3.08755375e-02,  9.99429643e-01, -1.36744659e-02],\n",
       "        [-2.27439646e-02,  1.43799484e-02,  9.99637783e-01]],\n",
       "\n",
       "       [[ 9.99333262e-01, -3.05877998e-02,  1.99310593e-02],\n",
       "        [ 3.08342129e-02,  9.99450326e-01, -1.21753681e-02],\n",
       "        [-1.95476860e-02,  1.27818100e-02,  9.99727130e-01]],\n",
       "\n",
       "       [[ 9.99106765e-01, -3.05198748e-02,  2.92212684e-02],\n",
       "        [ 3.09577975e-02,  9.99413133e-01, -1.46530382e-02],\n",
       "        [-2.87569147e-02,  1.55445784e-02,  9.99465346e-01]],\n",
       "\n",
       "       [[ 9.99323547e-01, -3.05198785e-02,  2.05161497e-02],\n",
       "        [ 3.08289696e-02,  9.99413192e-01, -1.49221811e-02],\n",
       "        [-2.00486891e-02,  1.55445784e-02,  9.99678075e-01]],\n",
       "\n",
       "       [[ 9.99196172e-01, -3.64837386e-02,  1.66156776e-02],\n",
       "        [ 3.67550813e-02,  9.99190927e-01, -1.63290091e-02],\n",
       "        [-1.60064921e-02,  1.69265941e-02,  9.99728680e-01]],\n",
       "\n",
       "       [[ 9.99403059e-01, -3.31212468e-02,  9.83726606e-03],\n",
       "        [ 3.33147831e-02,  9.99240696e-01, -2.02089567e-02],\n",
       "        [-9.16044973e-03,  2.05246154e-02,  9.99747455e-01]],\n",
       "\n",
       "       [[ 9.99280095e-01, -3.30046862e-02,  1.87116507e-02],\n",
       "        [ 3.33789364e-02,  9.99241710e-01, -2.00542901e-02],\n",
       "        [-1.80355739e-02,  2.06644256e-02,  9.99623895e-01]],\n",
       "\n",
       "       [[ 9.98998642e-01, -3.88019197e-02,  2.22727712e-02],\n",
       "        [ 3.90830673e-02,  9.99159932e-01, -1.23293670e-02],\n",
       "        [-2.17756573e-02,  1.31875100e-02,  9.99675870e-01]],\n",
       "\n",
       "       [[ 9.98821735e-01, -4.41884100e-02,  2.00623646e-02],\n",
       "        [ 4.42944467e-02,  9.99006629e-01, -4.87205666e-03],\n",
       "        [-1.98271461e-02,  5.75496722e-03,  9.99786854e-01]],\n",
       "\n",
       "       [[ 9.98679221e-01, -4.29428555e-02,  2.82114409e-02],\n",
       "        [ 4.31392230e-02,  9.99048769e-01, -6.38895296e-03],\n",
       "        [-2.79102400e-02,  7.59753305e-03,  9.99581635e-01]],\n",
       "\n",
       "       [[ 9.98349309e-01, -4.29428518e-02,  3.81397307e-02],\n",
       "        [ 4.32006121e-02,  9.99048710e-01, -5.95971197e-03],\n",
       "        [-3.78475189e-02,  7.59753399e-03,  9.99254704e-01]],\n",
       "\n",
       "       [[ 9.98349309e-01, -4.29428518e-02,  3.81397307e-02],\n",
       "        [ 4.32006121e-02,  9.99048710e-01, -5.95971197e-03],\n",
       "        [-3.78475189e-02,  7.59753399e-03,  9.99254704e-01]],\n",
       "\n",
       "       [[ 9.98062074e-01, -4.94306087e-02,  3.77969705e-02],\n",
       "        [ 4.94109988e-02,  9.98777449e-01,  1.45335391e-03],\n",
       "        [-3.78226005e-02,  4.17048577e-04,  9.99284327e-01]],\n",
       "\n",
       "       [[ 9.98062074e-01, -4.94306087e-02,  3.77969705e-02],\n",
       "        [ 4.94109988e-02,  9.98777449e-01,  1.45335391e-03],\n",
       "        [-3.78226005e-02,  4.17048577e-04,  9.99284327e-01]],\n",
       "\n",
       "       [[ 9.97814894e-01, -4.94306125e-02,  4.38399911e-02],\n",
       "        [ 4.94012944e-02,  9.98777390e-01,  1.75253314e-03],\n",
       "        [-4.38730270e-02,  4.17048694e-04,  9.99036908e-01]],\n",
       "\n",
       "       [[ 9.97814894e-01, -4.94306125e-02,  4.38399911e-02],\n",
       "        [ 4.94012944e-02,  9.98777390e-01,  1.75253314e-03],\n",
       "        [-4.38730270e-02,  4.17048694e-04,  9.99036908e-01]],\n",
       "\n",
       "       [[ 9.97472644e-01, -5.60123175e-02,  4.37113792e-02],\n",
       "        [ 5.58824390e-02,  9.98428464e-01,  4.18850081e-03],\n",
       "        [-4.38772961e-02, -1.73521682e-03,  9.99035239e-01]],\n",
       "\n",
       "       [[ 9.97472644e-01, -5.60123175e-02,  4.37113829e-02],\n",
       "        [ 5.58824390e-02,  9.98428464e-01,  4.18850081e-03],\n",
       "        [-4.38772999e-02, -1.73521682e-03,  9.99035239e-01]],\n",
       "\n",
       "       [[ 9.97585773e-01, -5.60123175e-02,  4.10481654e-02],\n",
       "        [ 5.58934212e-02,  9.98428464e-01,  4.03929083e-03],\n",
       "        [-4.12099101e-02, -1.73521694e-03,  9.99148846e-01]],\n",
       "\n",
       "       [[ 9.97585773e-01, -5.60123175e-02,  4.10481654e-02],\n",
       "        [ 5.58934212e-02,  9.98428464e-01,  4.03929083e-03],\n",
       "        [-4.12099101e-02, -1.73521694e-03,  9.99148846e-01]],\n",
       "\n",
       "       [[ 9.97121215e-01, -6.37526512e-02,  4.10469696e-02],\n",
       "        [ 6.36394769e-02,  9.97964621e-01,  4.05924255e-03],\n",
       "        [-4.12222147e-02, -1.43534911e-03,  9.99148965e-01]],\n",
       "\n",
       "       [[ 9.97121215e-01, -6.37526512e-02,  4.10469696e-02],\n",
       "        [ 6.36394769e-02,  9.97964621e-01,  4.05924255e-03],\n",
       "        [-4.12222147e-02, -1.43534911e-03,  9.99148965e-01]],\n",
       "\n",
       "       [[ 9.96702015e-01, -6.37526512e-02,  5.02044223e-02],\n",
       "        [ 6.35995120e-02,  9.97964561e-01,  4.64363955e-03],\n",
       "        [-5.03982864e-02, -1.43534900e-03,  9.98728096e-01]],\n",
       "\n",
       "       [[ 9.96702015e-01, -6.37526512e-02,  5.02044223e-02],\n",
       "        [ 6.35995120e-02,  9.97964561e-01,  4.64363955e-03],\n",
       "        [-5.03982864e-02, -1.43534900e-03,  9.98728096e-01]],\n",
       "\n",
       "       [[ 9.96108532e-01, -7.24442750e-02,  5.01937829e-02],\n",
       "        [ 7.22942948e-02,  9.97371674e-01,  4.79950150e-03],\n",
       "        [-5.04095592e-02, -1.15210016e-03,  9.98727918e-01]],\n",
       "\n",
       "       [[ 9.96108532e-01, -7.24442750e-02,  5.01937829e-02],\n",
       "        [ 7.22942948e-02,  9.97371674e-01,  4.79950150e-03],\n",
       "        [-5.04095592e-02, -1.15210016e-03,  9.98727918e-01]],\n",
       "\n",
       "       [[ 9.96096790e-01, -7.24442825e-02,  5.04251942e-02],\n",
       "        [ 7.22931847e-02,  9.97371733e-01,  4.81629651e-03],\n",
       "        [-5.06415814e-02, -1.15210004e-03,  9.98716176e-01]],\n",
       "\n",
       "       [[ 9.96096790e-01, -7.24442825e-02,  5.04251942e-02],\n",
       "        [ 7.22931847e-02,  9.97371733e-01,  4.81629651e-03],\n",
       "        [-5.06415814e-02, -1.15210004e-03,  9.98716176e-01]],\n",
       "\n",
       "       [[ 9.96272683e-01, -6.99838996e-02,  5.04251905e-02],\n",
       "        [ 6.98296577e-02,  9.97547150e-01,  4.81629651e-03],\n",
       "        [-5.06385751e-02, -1.27717108e-03,  9.98716116e-01]],\n",
       "\n",
       "       [[ 9.96272683e-01, -6.99838996e-02,  5.04251905e-02],\n",
       "        [ 6.98296577e-02,  9.97547150e-01,  4.81629651e-03],\n",
       "        [-5.06385751e-02, -1.27717108e-03,  9.98716116e-01]],\n",
       "\n",
       "       [[ 9.96364176e-01, -6.99838996e-02,  4.85836044e-02],\n",
       "        [ 6.98384345e-02,  9.97547209e-01,  4.68721567e-03],\n",
       "        [-4.87924740e-02, -1.27717142e-03,  9.98807967e-01]],\n",
       "\n",
       "       [[ 9.96364176e-01, -6.99839070e-02,  4.85836044e-02],\n",
       "        [ 6.98384419e-02,  9.97547209e-01,  4.68721613e-03],\n",
       "        [-4.87924740e-02, -1.27717119e-03,  9.98807967e-01]],\n",
       "\n",
       "       [[ 9.96299624e-01, -7.08966181e-02,  4.85836007e-02],\n",
       "        [ 7.07522407e-02,  9.97482657e-01,  4.68721613e-03],\n",
       "        [-4.87936176e-02, -1.23247295e-03,  9.98807907e-01]],\n",
       "\n",
       "       [[ 9.96299624e-01, -7.08966181e-02,  4.85836007e-02],\n",
       "        [ 7.07522407e-02,  9.97482657e-01,  4.68721613e-03],\n",
       "        [-4.87936176e-02, -1.23247295e-03,  9.98807907e-01]],\n",
       "\n",
       "       [[ 9.99740720e-01, -1.86921842e-02,  1.29975779e-02],\n",
       "        [ 1.87370144e-02,  9.99818802e-01, -3.33601283e-03],\n",
       "        [-1.29328659e-02,  3.57868383e-03,  9.99909878e-01]],\n",
       "\n",
       "       [[ 9.99598503e-01, -2.51963940e-02,  1.29498048e-02],\n",
       "        [ 2.52135005e-02,  9.99681354e-01, -1.15953828e-03],\n",
       "        [-1.29164634e-02,  1.48558291e-03,  9.99915361e-01]],\n",
       "\n",
       "       [[ 9.99489903e-01, -2.90752165e-02,  1.31977024e-02],\n",
       "        [ 2.92119868e-02,  9.99520063e-01, -1.02913650e-02],\n",
       "        [-1.28921466e-02,  1.06716482e-02,  9.99859691e-01]],\n",
       "\n",
       "       [[ 9.99500811e-01, -2.90752146e-02,  1.23410383e-02],\n",
       "        [ 2.92031523e-02,  9.99520004e-01, -1.03163989e-02],\n",
       "        [-1.20351659e-02,  1.06716482e-02,  9.99870360e-01]],\n",
       "\n",
       "       [[ 9.99664128e-01, -2.27253120e-02,  1.24270311e-02],\n",
       "        [ 2.28943694e-02,  9.99644578e-01, -1.36351790e-02],\n",
       "        [-1.21127544e-02,  1.39151141e-02,  9.99829471e-01]],\n",
       "\n",
       "       [[ 9.99706447e-01, -2.08044369e-02,  1.23822475e-02],\n",
       "        [ 2.09468622e-02,  9.99714196e-01, -1.14861494e-02],\n",
       "        [-1.21397516e-02,  1.17421513e-02,  9.99856889e-01]],\n",
       "\n",
       "       [[ 9.99647856e-01, -2.08044350e-02,  1.64440591e-02],\n",
       "        [ 2.09933594e-02,  9.99714136e-01, -1.14009436e-02],\n",
       "        [-1.62021760e-02,  1.17421504e-02,  9.99799252e-01]],\n",
       "\n",
       "       [[ 9.99606907e-01, -2.08044350e-02,  1.87716912e-02],\n",
       "        [ 2.10198499e-02,  9.99714196e-01, -1.13520315e-02],\n",
       "        [-1.85301621e-02,  1.17421513e-02,  9.99759018e-01]],\n",
       "\n",
       "       [[ 9.62635517e-01, -2.08044387e-02,  2.69999474e-01],\n",
       "        [ 2.32017972e-02,  9.99714375e-01, -5.69029246e-03],\n",
       "        [-2.69804031e-01,  1.17421532e-02,  9.62843418e-01]],\n",
       "\n",
       "       [[ 9.99734402e-01, -1.76447220e-02,  1.48227485e-02],\n",
       "        [ 1.78656578e-02,  9.99729156e-01, -1.49074523e-02],\n",
       "        [-1.45556973e-02,  1.51683120e-02,  9.99778867e-01]],\n",
       "\n",
       "       [[ 9.99633670e-01, -1.48495696e-02,  2.26247329e-02],\n",
       "        [ 1.51859112e-02,  9.99775529e-01, -1.47675658e-02],\n",
       "        [-2.24003661e-02,  1.51057346e-02,  9.99634862e-01]],\n",
       "\n",
       "       [[ 9.99806881e-01, -1.32301543e-02,  1.45276599e-02],\n",
       "        [ 1.34463105e-02,  9.99798775e-01, -1.48835173e-02],\n",
       "        [-1.43278260e-02,  1.50759881e-02,  9.99783635e-01]],\n",
       "\n",
       "       [[ 9.99785841e-01, -1.32428007e-02,  1.59017276e-02],\n",
       "        [ 1.34663424e-02,  9.99810755e-01, -1.40338270e-02],\n",
       "        [-1.57128740e-02,  1.42449597e-02,  9.99774992e-01]],\n",
       "\n",
       "       [[ 9.99850392e-01, -1.32104764e-02,  1.11552961e-02],\n",
       "        [ 1.33934142e-02,  9.99774337e-01, -1.64869633e-02],\n",
       "        [-1.09349787e-02,  1.66339073e-02,  9.99801755e-01]],\n",
       "\n",
       "       [[ 9.99902368e-01, -1.13262786e-02,  8.18168931e-03],\n",
       "        [ 1.13608455e-02,  9.99926686e-01, -4.19083098e-03],\n",
       "        [-8.13362375e-03,  4.28337278e-03,  9.99957800e-01]],\n",
       "\n",
       "       [[ 9.99857843e-01, -1.48702180e-02,  7.95524474e-03],\n",
       "        [ 1.49039151e-02,  9.99880135e-01, -4.19340376e-03],\n",
       "        [-7.89193530e-03,  4.31137159e-03,  9.99959648e-01]],\n",
       "\n",
       "       [[ 9.99862373e-01, -1.65837705e-02, -6.12520147e-04],\n",
       "        [ 1.65809691e-02,  9.99853313e-01, -4.32830025e-03],\n",
       "        [ 6.84209750e-04,  4.31754813e-03,  9.99990523e-01]],\n",
       "\n",
       "       [[ 9.99862432e-01, -1.65837947e-02,  5.41357091e-04],\n",
       "        [ 1.65862944e-02,  9.99850035e-01, -4.99484828e-03],\n",
       "        [-4.58442344e-04,  5.00313984e-03,  9.99987483e-01]],\n",
       "\n",
       "       [[ 9.99843657e-01, -1.65744051e-02, -6.17796788e-03],\n",
       "        [ 1.65637396e-02,  9.99861419e-01, -1.77327567e-03],\n",
       "        [ 6.20650174e-03,  1.67066790e-03,  9.99979556e-01]]],      dtype=float32), xipos=Array([[ 0.        ,  0.        ,  0.        ],\n",
       "       [ 0.03228517, -0.00912068,  0.07559055],\n",
       "       [ 0.02145439, -0.00937819,  0.09091105],\n",
       "       [ 0.0158338 , -0.00948777,  0.09152237],\n",
       "       [ 0.00931774, -0.00964232,  0.09151935],\n",
       "       [ 0.00253122, -0.00975625,  0.09033245],\n",
       "       [-0.004405  , -0.00990199,  0.08797017],\n",
       "       [-0.01065863, -0.0100515 ,  0.08445084],\n",
       "       [-0.01394482, -0.00975482,  0.06681441],\n",
       "       [-0.02136165,  0.01257626,  0.05578735],\n",
       "       [-0.02773365,  0.0197204 ,  0.03259169],\n",
       "       [-0.03977754,  0.01700153,  0.01934934],\n",
       "       [-0.01945762,  0.02550445,  0.01862364],\n",
       "       [-0.01989635, -0.0320178 ,  0.05493575],\n",
       "       [-0.02539916, -0.03875785,  0.03154974],\n",
       "       [-0.03776666, -0.03632327,  0.0179977 ],\n",
       "       [-0.01694129, -0.04344187,  0.01685665],\n",
       "       [-0.03986023, -0.01056093,  0.0666448 ],\n",
       "       [-0.04377883, -0.01060713,  0.06245715],\n",
       "       [-0.0472735 , -0.01063577,  0.05825192],\n",
       "       [-0.05063714, -0.01069732,  0.05390506],\n",
       "       [-0.05390496, -0.01079718,  0.04940212],\n",
       "       [-0.05714544, -0.01090402,  0.04458134],\n",
       "       [-0.06056223, -0.01100888,  0.03905736],\n",
       "       [-0.06421286, -0.01112486,  0.0336737 ],\n",
